L1_nmse_base: 2.331433e-03
L1_nmse_idea: 1.510355e-03
L1_rel_improvement_pct: +35.218
L1_idea_wins: 252/252
